IMPROPER 5417 5428 5420 5422 $FC -120.0
DIHEDRAL 5452 5455 5457 5459 $FC  0.0
IMPROPER 5551 5562 5554 5556 $FC -120.0
DIHEDRAL 5586 5589 5591 5593 $FC  0.0
IMPROPER 5685 5696 5688 5690 $FC -120.0
DIHEDRAL 5720 5723 5725 5727 $FC  0.0
IMPROPER 5819 5830 5822 5824 $FC -120.0
DIHEDRAL 5854 5857 5859 5861 $FC  0.0
IMPROPER 5953 5964 5956 5958 $FC -120.0
DIHEDRAL 5988 5991 5993 5995 $FC  0.0
IMPROPER 6087 6098 6090 6092 $FC -120.0
DIHEDRAL 6122 6125 6127 6129 $FC  0.0
IMPROPER 6221 6232 6224 6226 $FC -120.0
DIHEDRAL 6256 6259 6261 6263 $FC  0.0
IMPROPER 6355 6366 6358 6360 $FC -120.0
DIHEDRAL 6390 6393 6395 6397 $FC  0.0
IMPROPER 6489 6500 6492 6494 $FC -120.0
DIHEDRAL 6524 6527 6529 6531 $FC  0.0
IMPROPER 6623 6634 6626 6628 $FC -120.0
DIHEDRAL 6658 6661 6663 6665 $FC  0.0
IMPROPER 6757 6768 6760 6762 $FC -120.0
DIHEDRAL 6792 6795 6797 6799 $FC  0.0
IMPROPER 6891 6902 6894 6896 $FC -120.0
DIHEDRAL 6926 6929 6931 6933 $FC  0.0
IMPROPER 7025 7036 7028 7030 $FC -120.0
DIHEDRAL 7060 7063 7065 7067 $FC  0.0
IMPROPER 7159 7170 7162 7164 $FC -120.0
DIHEDRAL 7194 7197 7199 7201 $FC  0.0
IMPROPER 7293 7304 7296 7298 $FC -120.0
DIHEDRAL 7328 7331 7333 7335 $FC  0.0
IMPROPER 7427 7438 7430 7432 $FC -120.0
DIHEDRAL 7462 7465 7467 7469 $FC  0.0
IMPROPER 7561 7572 7564 7566 $FC -120.0
DIHEDRAL 7596 7599 7601 7603 $FC  0.0
IMPROPER 7695 7706 7698 7700 $FC -120.0
DIHEDRAL 7730 7733 7735 7737 $FC  0.0
IMPROPER 7829 7840 7832 7834 $FC -120.0
DIHEDRAL 7864 7867 7869 7871 $FC  0.0
IMPROPER 7963 7974 7966 7968 $FC -120.0
DIHEDRAL 7998 8001 8003 8005 $FC  0.0
IMPROPER 8097 8108 8100 8102 $FC -120.0
DIHEDRAL 8132 8135 8137 8139 $FC  0.0
IMPROPER 8231 8242 8234 8236 $FC -120.0
DIHEDRAL 8266 8269 8271 8273 $FC  0.0
IMPROPER 8365 8376 8368 8370 $FC -120.0
DIHEDRAL 8400 8403 8405 8407 $FC  0.0
IMPROPER 8499 8510 8502 8504 $FC -120.0
DIHEDRAL 8534 8537 8539 8541 $FC  0.0
IMPROPER 8633 8644 8636 8638 $FC -120.0
DIHEDRAL 8668 8671 8673 8675 $FC  0.0
IMPROPER 8767 8778 8770 8772 $FC -120.0
DIHEDRAL 8802 8805 8807 8809 $FC  0.0
IMPROPER 8901 8912 8904 8906 $FC -120.0
DIHEDRAL 8936 8939 8941 8943 $FC  0.0
IMPROPER 9035 9046 9038 9040 $FC -120.0
DIHEDRAL 9070 9073 9075 9077 $FC  0.0
IMPROPER 9169 9180 9172 9174 $FC -120.0
DIHEDRAL 9204 9207 9209 9211 $FC  0.0
IMPROPER 9303 9314 9306 9308 $FC -120.0
DIHEDRAL 9338 9341 9343 9345 $FC  0.0
IMPROPER 9437 9448 9440 9442 $FC -120.0
DIHEDRAL 9472 9475 9477 9479 $FC  0.0
IMPROPER 9571 9582 9574 9576 $FC -120.0
DIHEDRAL 9606 9609 9611 9613 $FC  0.0
IMPROPER 9705 9716 9708 9710 $FC -120.0
DIHEDRAL 9740 9743 9745 9747 $FC  0.0
IMPROPER 9839 9850 9842 9844 $FC -120.0
DIHEDRAL 9874 9877 9879 9881 $FC  0.0
IMPROPER 9973 9984 9976 9978 $FC -120.0
DIHEDRAL 10008 10011 10013 10015 $FC  0.0
IMPROPER 10107 10118 10110 10112 $FC -120.0
DIHEDRAL 10142 10145 10147 10149 $FC  0.0
IMPROPER 10241 10252 10244 10246 $FC -120.0
DIHEDRAL 10276 10279 10281 10283 $FC  0.0
IMPROPER 10375 10386 10378 10380 $FC -120.0
DIHEDRAL 10410 10413 10415 10417 $FC  0.0
IMPROPER 10509 10520 10512 10514 $FC -120.0
DIHEDRAL 10544 10547 10549 10551 $FC  0.0
IMPROPER 10643 10654 10646 10648 $FC -120.0
DIHEDRAL 10678 10681 10683 10685 $FC  0.0
IMPROPER 10777 10788 10780 10782 $FC -120.0
DIHEDRAL 10812 10815 10817 10819 $FC  0.0
IMPROPER 10911 10922 10914 10916 $FC -120.0
DIHEDRAL 10946 10949 10951 10953 $FC  0.0
IMPROPER 11045 11056 11048 11050 $FC -120.0
DIHEDRAL 11080 11083 11085 11087 $FC  0.0
IMPROPER 11179 11190 11182 11184 $FC -120.0
DIHEDRAL 11214 11217 11219 11221 $FC  0.0
IMPROPER 11313 11324 11316 11318 $FC -120.0
DIHEDRAL 11348 11351 11353 11355 $FC  0.0
IMPROPER 11447 11458 11450 11452 $FC -120.0
DIHEDRAL 11482 11485 11487 11489 $FC  0.0
IMPROPER 11581 11592 11584 11586 $FC -120.0
DIHEDRAL 11616 11619 11621 11623 $FC  0.0
IMPROPER 11715 11726 11718 11720 $FC -120.0
DIHEDRAL 11750 11753 11755 11757 $FC  0.0
IMPROPER 11849 11860 11852 11854 $FC -120.0
DIHEDRAL 11884 11887 11889 11891 $FC  0.0
IMPROPER 11983 11994 11986 11988 $FC -120.0
DIHEDRAL 12018 12021 12023 12025 $FC  0.0
IMPROPER 12117 12128 12120 12122 $FC -120.0
DIHEDRAL 12152 12155 12157 12159 $FC  0.0
IMPROPER 12251 12262 12254 12256 $FC -120.0
DIHEDRAL 12286 12289 12291 12293 $FC  0.0
IMPROPER 12385 12396 12388 12390 $FC -120.0
DIHEDRAL 12420 12423 12425 12427 $FC  0.0
IMPROPER 12519 12530 12522 12524 $FC -120.0
DIHEDRAL 12554 12557 12559 12561 $FC  0.0
IMPROPER 12653 12664 12656 12658 $FC -120.0
DIHEDRAL 12688 12691 12693 12695 $FC  0.0
IMPROPER 12787 12798 12790 12792 $FC -120.0
DIHEDRAL 12822 12825 12827 12829 $FC  0.0
IMPROPER 12921 12932 12924 12926 $FC -120.0
DIHEDRAL 12956 12959 12961 12963 $FC  0.0
IMPROPER 13055 13066 13058 13060 $FC -120.0
DIHEDRAL 13090 13093 13095 13097 $FC  0.0
IMPROPER 13189 13200 13192 13194 $FC -120.0
DIHEDRAL 13224 13227 13229 13231 $FC  0.0
IMPROPER 13323 13334 13326 13328 $FC -120.0
DIHEDRAL 13358 13361 13363 13365 $FC  0.0
IMPROPER 13457 13468 13460 13462 $FC -120.0
DIHEDRAL 13492 13495 13497 13499 $FC  0.0
IMPROPER 13591 13602 13594 13596 $FC -120.0
DIHEDRAL 13626 13629 13631 13633 $FC  0.0
IMPROPER 13725 13736 13728 13730 $FC -120.0
DIHEDRAL 13760 13763 13765 13767 $FC  0.0
IMPROPER 13859 13870 13862 13864 $FC -120.0
DIHEDRAL 13894 13897 13899 13901 $FC  0.0
IMPROPER 13993 14004 13996 13998 $FC -120.0
DIHEDRAL 14028 14031 14033 14035 $FC  0.0
IMPROPER 14127 14138 14130 14132 $FC -120.0
DIHEDRAL 14162 14165 14167 14169 $FC  0.0
IMPROPER 14261 14272 14264 14266 $FC -120.0
DIHEDRAL 14296 14299 14301 14303 $FC  0.0
IMPROPER 14395 14406 14398 14400 $FC -120.0
DIHEDRAL 14430 14433 14435 14437 $FC  0.0
IMPROPER 14529 14540 14532 14534 $FC -120.0
DIHEDRAL 14564 14567 14569 14571 $FC  0.0
IMPROPER 14663 14674 14666 14668 $FC -120.0
DIHEDRAL 14698 14701 14703 14705 $FC  0.0
IMPROPER 14797 14808 14800 14802 $FC -120.0
DIHEDRAL 14832 14835 14837 14839 $FC  0.0
IMPROPER 14931 14942 14934 14936 $FC -120.0
DIHEDRAL 14966 14969 14971 14973 $FC  0.0
IMPROPER 15065 15076 15068 15070 $FC -120.0
DIHEDRAL 15100 15103 15105 15107 $FC  0.0
IMPROPER 15199 15210 15202 15204 $FC -120.0
DIHEDRAL 15234 15237 15239 15241 $FC  0.0
IMPROPER 15333 15344 15336 15338 $FC -120.0
DIHEDRAL 15368 15371 15373 15375 $FC  0.0
IMPROPER 15467 15478 15470 15472 $FC -120.0
DIHEDRAL 15502 15505 15507 15509 $FC  0.0
IMPROPER 15601 15612 15604 15606 $FC -120.0
DIHEDRAL 15636 15639 15641 15643 $FC  0.0
IMPROPER 15735 15746 15738 15740 $FC -120.0
DIHEDRAL 15770 15773 15775 15777 $FC  0.0
IMPROPER 15869 15880 15872 15874 $FC -120.0
DIHEDRAL 15904 15907 15909 15911 $FC  0.0
IMPROPER 16003 16014 16006 16008 $FC -120.0
DIHEDRAL 16038 16041 16043 16045 $FC  0.0
IMPROPER 16137 16148 16140 16142 $FC -120.0
DIHEDRAL 16172 16175 16177 16179 $FC  0.0
IMPROPER 16271 16282 16274 16276 $FC -120.0
DIHEDRAL 16306 16309 16311 16313 $FC  0.0
IMPROPER 16405 16416 16408 16410 $FC -120.0
DIHEDRAL 16440 16443 16445 16447 $FC  0.0
IMPROPER 16539 16550 16542 16544 $FC -120.0
DIHEDRAL 16574 16577 16579 16581 $FC  0.0
IMPROPER 16673 16684 16676 16678 $FC -120.0
DIHEDRAL 16708 16711 16713 16715 $FC  0.0
IMPROPER 16807 16818 16810 16812 $FC -120.0
DIHEDRAL 16842 16845 16847 16849 $FC  0.0
IMPROPER 16941 16952 16944 16946 $FC -120.0
DIHEDRAL 16976 16979 16981 16983 $FC  0.0
IMPROPER 17075 17086 17078 17080 $FC -120.0
DIHEDRAL 17110 17113 17115 17117 $FC  0.0
IMPROPER 17209 17220 17212 17214 $FC -120.0
DIHEDRAL 17244 17247 17249 17251 $FC  0.0
IMPROPER 17343 17354 17346 17348 $FC -120.0
DIHEDRAL 17378 17381 17383 17385 $FC  0.0
IMPROPER 18217 18228 18220 18222 $FC -120.0
DIHEDRAL 18252 18255 18257 18259 $FC  0.0
IMPROPER 18351 18362 18354 18356 $FC -120.0
DIHEDRAL 18386 18389 18391 18393 $FC  0.0
IMPROPER 18485 18496 18488 18490 $FC -120.0
DIHEDRAL 18520 18523 18525 18527 $FC  0.0
IMPROPER 18619 18630 18622 18624 $FC -120.0
DIHEDRAL 18654 18657 18659 18661 $FC  0.0
IMPROPER 18753 18764 18756 18758 $FC -120.0
DIHEDRAL 18788 18791 18793 18795 $FC  0.0
IMPROPER 18887 18898 18890 18892 $FC -120.0
DIHEDRAL 18922 18925 18927 18929 $FC  0.0
IMPROPER 19021 19032 19024 19026 $FC -120.0
DIHEDRAL 19056 19059 19061 19063 $FC  0.0
IMPROPER 19155 19166 19158 19160 $FC -120.0
DIHEDRAL 19190 19193 19195 19197 $FC  0.0
IMPROPER 19289 19300 19292 19294 $FC -120.0
DIHEDRAL 19324 19327 19329 19331 $FC  0.0
IMPROPER 19423 19434 19426 19428 $FC -120.0
DIHEDRAL 19458 19461 19463 19465 $FC  0.0
IMPROPER 19557 19568 19560 19562 $FC -120.0
DIHEDRAL 19592 19595 19597 19599 $FC  0.0
IMPROPER 19691 19702 19694 19696 $FC -120.0
DIHEDRAL 19726 19729 19731 19733 $FC  0.0
IMPROPER 19825 19836 19828 19830 $FC -120.0
DIHEDRAL 19860 19863 19865 19867 $FC  0.0
IMPROPER 19959 19970 19962 19964 $FC -120.0
DIHEDRAL 19994 19997 19999 20001 $FC  0.0
IMPROPER 20093 20104 20096 20098 $FC -120.0
DIHEDRAL 20128 20131 20133 20135 $FC  0.0
IMPROPER 20227 20238 20230 20232 $FC -120.0
DIHEDRAL 20262 20265 20267 20269 $FC  0.0
IMPROPER 20361 20372 20364 20366 $FC -120.0
DIHEDRAL 20396 20399 20401 20403 $FC  0.0
IMPROPER 20495 20506 20498 20500 $FC -120.0
DIHEDRAL 20530 20533 20535 20537 $FC  0.0
IMPROPER 20629 20640 20632 20634 $FC -120.0
DIHEDRAL 20664 20667 20669 20671 $FC  0.0
IMPROPER 20763 20774 20766 20768 $FC -120.0
DIHEDRAL 20798 20801 20803 20805 $FC  0.0
IMPROPER 20897 20908 20900 20902 $FC -120.0
DIHEDRAL 20932 20935 20937 20939 $FC  0.0
IMPROPER 21031 21042 21034 21036 $FC -120.0
DIHEDRAL 21066 21069 21071 21073 $FC  0.0
IMPROPER 21165 21176 21168 21170 $FC -120.0
DIHEDRAL 21200 21203 21205 21207 $FC  0.0
IMPROPER 21299 21310 21302 21304 $FC -120.0
DIHEDRAL 21334 21337 21339 21341 $FC  0.0
IMPROPER 21433 21444 21436 21438 $FC -120.0
DIHEDRAL 21468 21471 21473 21475 $FC  0.0
IMPROPER 21567 21578 21570 21572 $FC -120.0
DIHEDRAL 21602 21605 21607 21609 $FC  0.0
IMPROPER 21701 21712 21704 21706 $FC -120.0
DIHEDRAL 21736 21739 21741 21743 $FC  0.0
IMPROPER 21835 21846 21838 21840 $FC -120.0
DIHEDRAL 21870 21873 21875 21877 $FC  0.0
IMPROPER 21969 21980 21972 21974 $FC -120.0
DIHEDRAL 22004 22007 22009 22011 $FC  0.0
IMPROPER 22103 22114 22106 22108 $FC -120.0
DIHEDRAL 22138 22141 22143 22145 $FC  0.0
IMPROPER 22237 22248 22240 22242 $FC -120.0
DIHEDRAL 22272 22275 22277 22279 $FC  0.0
IMPROPER 22371 22382 22374 22376 $FC -120.0
DIHEDRAL 22406 22409 22411 22413 $FC  0.0
IMPROPER 22505 22516 22508 22510 $FC -120.0
DIHEDRAL 22540 22543 22545 22547 $FC  0.0
IMPROPER 22639 22650 22642 22644 $FC -120.0
DIHEDRAL 22674 22677 22679 22681 $FC  0.0
IMPROPER 22773 22784 22776 22778 $FC -120.0
DIHEDRAL 22808 22811 22813 22815 $FC  0.0
IMPROPER 22907 22918 22910 22912 $FC -120.0
DIHEDRAL 22942 22945 22947 22949 $FC  0.0
IMPROPER 23041 23052 23044 23046 $FC -120.0
DIHEDRAL 23076 23079 23081 23083 $FC  0.0
IMPROPER 23175 23186 23178 23180 $FC -120.0
DIHEDRAL 23210 23213 23215 23217 $FC  0.0
IMPROPER 23309 23320 23312 23314 $FC -120.0
DIHEDRAL 23344 23347 23349 23351 $FC  0.0
IMPROPER 23443 23454 23446 23448 $FC -120.0
DIHEDRAL 23478 23481 23483 23485 $FC  0.0
IMPROPER 23577 23588 23580 23582 $FC -120.0
DIHEDRAL 23612 23615 23617 23619 $FC  0.0
IMPROPER 23711 23722 23714 23716 $FC -120.0
DIHEDRAL 23746 23749 23751 23753 $FC  0.0
IMPROPER 23845 23856 23848 23850 $FC -120.0
DIHEDRAL 23880 23883 23885 23887 $FC  0.0
IMPROPER 23979 23990 23982 23984 $FC -120.0
DIHEDRAL 24014 24017 24019 24021 $FC  0.0
IMPROPER 24113 24124 24116 24118 $FC -120.0
DIHEDRAL 24148 24151 24153 24155 $FC  0.0
IMPROPER 24247 24258 24250 24252 $FC -120.0
DIHEDRAL 24282 24285 24287 24289 $FC  0.0
IMPROPER 24381 24392 24384 24386 $FC -120.0
DIHEDRAL 24416 24419 24421 24423 $FC  0.0
IMPROPER 24515 24526 24518 24520 $FC -120.0
DIHEDRAL 24550 24553 24555 24557 $FC  0.0
IMPROPER 24649 24660 24652 24654 $FC -120.0
DIHEDRAL 24684 24687 24689 24691 $FC  0.0
IMPROPER 24783 24794 24786 24788 $FC -120.0
DIHEDRAL 24818 24821 24823 24825 $FC  0.0
IMPROPER 24917 24928 24920 24922 $FC -120.0
DIHEDRAL 24952 24955 24957 24959 $FC  0.0
IMPROPER 25051 25062 25054 25056 $FC -120.0
DIHEDRAL 25086 25089 25091 25093 $FC  0.0
IMPROPER 25185 25196 25188 25190 $FC -120.0
DIHEDRAL 25220 25223 25225 25227 $FC  0.0
IMPROPER 25319 25330 25322 25324 $FC -120.0
DIHEDRAL 25354 25357 25359 25361 $FC  0.0
IMPROPER 25453 25464 25456 25458 $FC -120.0
DIHEDRAL 25488 25491 25493 25495 $FC  0.0
IMPROPER 25587 25598 25590 25592 $FC -120.0
DIHEDRAL 25622 25625 25627 25629 $FC  0.0
IMPROPER 25721 25732 25724 25726 $FC -120.0
DIHEDRAL 25756 25759 25761 25763 $FC  0.0
IMPROPER 25855 25866 25858 25860 $FC -120.0
DIHEDRAL 25890 25893 25895 25897 $FC  0.0
IMPROPER 25989 26000 25992 25994 $FC -120.0
DIHEDRAL 26024 26027 26029 26031 $FC  0.0
IMPROPER 26123 26134 26126 26128 $FC -120.0
DIHEDRAL 26158 26161 26163 26165 $FC  0.0
IMPROPER 26257 26268 26260 26262 $FC -120.0
DIHEDRAL 26292 26295 26297 26299 $FC  0.0
IMPROPER 26391 26402 26394 26396 $FC -120.0
DIHEDRAL 26426 26429 26431 26433 $FC  0.0
IMPROPER 26525 26536 26528 26530 $FC -120.0
DIHEDRAL 26560 26563 26565 26567 $FC  0.0
IMPROPER 26659 26670 26662 26664 $FC -120.0
DIHEDRAL 26694 26697 26699 26701 $FC  0.0
IMPROPER 26793 26804 26796 26798 $FC -120.0
DIHEDRAL 26828 26831 26833 26835 $FC  0.0
IMPROPER 26927 26938 26930 26932 $FC -120.0
DIHEDRAL 26962 26965 26967 26969 $FC  0.0
IMPROPER 27061 27072 27064 27066 $FC -120.0
DIHEDRAL 27096 27099 27101 27103 $FC  0.0
IMPROPER 27195 27206 27198 27200 $FC -120.0
DIHEDRAL 27230 27233 27235 27237 $FC  0.0
IMPROPER 27329 27340 27332 27334 $FC -120.0
DIHEDRAL 27364 27367 27369 27371 $FC  0.0
IMPROPER 27463 27474 27466 27468 $FC -120.0
DIHEDRAL 27498 27501 27503 27505 $FC  0.0
IMPROPER 27597 27608 27600 27602 $FC -120.0
DIHEDRAL 27632 27635 27637 27639 $FC  0.0
IMPROPER 27731 27742 27734 27736 $FC -120.0
DIHEDRAL 27766 27769 27771 27773 $FC  0.0
IMPROPER 27865 27876 27868 27870 $FC -120.0
DIHEDRAL 27900 27903 27905 27907 $FC  0.0
IMPROPER 27999 28010 28002 28004 $FC -120.0
DIHEDRAL 28034 28037 28039 28041 $FC  0.0
IMPROPER 28133 28144 28136 28138 $FC -120.0
DIHEDRAL 28168 28171 28173 28175 $FC  0.0
IMPROPER 28267 28278 28270 28272 $FC -120.0
DIHEDRAL 28302 28305 28307 28309 $FC  0.0
IMPROPER 28401 28412 28404 28406 $FC -120.0
DIHEDRAL 28436 28439 28441 28443 $FC  0.0
IMPROPER 28535 28546 28538 28540 $FC -120.0
DIHEDRAL 28570 28573 28575 28577 $FC  0.0
IMPROPER 28669 28680 28672 28674 $FC -120.0
DIHEDRAL 28704 28707 28709 28711 $FC  0.0
IMPROPER 28803 28814 28806 28808 $FC -120.0
DIHEDRAL 28838 28841 28843 28845 $FC  0.0
IMPROPER 28937 28948 28940 28942 $FC -120.0
DIHEDRAL 28972 28975 28977 28979 $FC  0.0
IMPROPER 29071 29082 29074 29076 $FC -120.0
DIHEDRAL 29106 29109 29111 29113 $FC  0.0
IMPROPER 29205 29216 29208 29210 $FC -120.0
DIHEDRAL 29240 29243 29245 29247 $FC  0.0
IMPROPER 29339 29350 29342 29344 $FC -120.0
DIHEDRAL 29374 29377 29379 29381 $FC  0.0
IMPROPER 29473 29484 29476 29478 $FC -120.0
DIHEDRAL 29508 29511 29513 29515 $FC  0.0
IMPROPER 29607 29618 29610 29612 $FC -120.0
DIHEDRAL 29642 29645 29647 29649 $FC  0.0
IMPROPER 29741 29752 29744 29746 $FC -120.0
DIHEDRAL 29776 29779 29781 29783 $FC  0.0
IMPROPER 29875 29886 29878 29880 $FC -120.0
DIHEDRAL 29910 29913 29915 29917 $FC  0.0
IMPROPER 30009 30020 30012 30014 $FC -120.0
DIHEDRAL 30044 30047 30049 30051 $FC  0.0
IMPROPER 30143 30154 30146 30148 $FC -120.0
DIHEDRAL 30178 30181 30183 30185 $FC  0.0
